      1    0.5727679729E+00
      2    0.3084918857E+00
      3    0.5460582972E+00
      4    0.3926559687E+00
      5    0.8784754276E+00
      6    0.4073746800E+00
      7    0.8536876440E+00
      8    0.6856051683E+00
      9    0.8178447485E+00
     10    0.1076470971E+01
     11    0.6109379530E+00
     12    0.6628574729E+00
     13    0.5446015596E+00
     14    0.4171058238E+00
     15    0.4748615623E+00
     16    0.4592356086E+00
     17    0.3711208701E+00
     18    0.7769756317E+00
     19    0.1029303551E+01
     20    0.5779089332E+00
