      1    0.3156988919E+00
      2    0.2959738970E+00
      3    0.3279484510E+00
      4    0.3409866095E+00
      5    0.3086773157E+00
      6    0.2877766192E+00
      7    0.3548898399E+00
      8    0.3328595757E+00
      9    0.3260456920E+00
     10    0.3128877282E+00
     11    0.3563882709E+00
     12    0.3174884021E+00
     13    0.3089445233E+00
     14    0.3008433282E+00
     15    0.2890293300E+00
     16    0.2881241739E+00
     17    0.3378297091E+00
     18    0.3036979735E+00
     19    0.3462651074E+00
     20    0.2998638749E+00
