      1    0.5403952599E+00
      2    0.3084918857E+00
      3    0.4083791375E+00
      4    0.3604022563E+00
      5    0.4533917904E+00
      6    0.3991920650E+00
      7    0.5311794877E+00
      8    0.6409988999E+00
      9    0.4045408964E+00
     10    0.4217702150E+00
     11    0.3860729039E+00
     12    0.4735575318E+00
     13    0.4323061705E+00
     14    0.3851819336E+00
     15    0.3319622874E+00
     16    0.3192006648E+00
     17    0.3378297091E+00
     18    0.4839480221E+00
     19    0.4013797641E+00
     20    0.5777790546E+00
