      1    0.1344755054E+01
      2    0.1214200258E+01
      3    0.1394933224E+01
      4    0.4396484792E+00
      5    0.1047770619E+01
      6    0.1316455007E+01
      7    0.1574479699E+01
      8    0.1390307069E+01
      9    0.9499984980E+00
     10    0.1159956932E+01
     11    0.7662245035E+00
     12    0.1089285493E+01
     13    0.1405279160E+01
     14    0.4496549368E+00
     15    0.1282444835E+01
     16    0.6032403708E+00
     17    0.1085989594E+01
     18    0.1097025394E+01
     19    0.1029303551E+01
     20    0.1636667609E+01
