      1    0.5727679729E+00
      2    0.3084918857E+00
      3    0.4171950519E+00
      4    0.3926559687E+00
      5    0.5196539164E+00
      6    0.3991920650E+00
      7    0.8536876440E+00
      8    0.6856051683E+00
      9    0.4045408964E+00
     10    0.1076470971E+01
     11    0.3860729039E+00
     12    0.4735575318E+00
     13    0.4323061705E+00
     14    0.4171058238E+00
     15    0.4748615623E+00
     16    0.3195300698E+00
     17    0.3711208701E+00
     18    0.7746136189E+00
     19    0.4228642881E+00
     20    0.5779089332E+00
