      1    0.8515255451E+00
      2    0.8994865417E+00
      3    0.1056556582E+01
      4    0.3974726498E+00
      5    0.1047770619E+01
      6    0.1170908570E+01
      7    0.1341081500E+01
      8    0.6947448850E+00
      9    0.9113197923E+00
     10    0.1129630208E+01
     11    0.7458280325E+00
     12    0.1089285493E+01
     13    0.1275553584E+01
     14    0.4496549368E+00
     15    0.5999099612E+00
     16    0.6032403708E+00
     17    0.1056850910E+01
     18    0.1097025394E+01
     19    0.1029303551E+01
     20    0.9461710453E+00
