      1    0.5727679729E+00
      2    0.3084918857E+00
      3    0.5460582972E+00
      4    0.3974726498E+00
      5    0.8784754276E+00
      6    0.4073746800E+00
      7    0.8536876440E+00
      8    0.6947448850E+00
      9    0.9113197923E+00
     10    0.1082428813E+01
     11    0.6258451939E+00
     12    0.6628574729E+00
     13    0.8033037186E+00
     14    0.4171058238E+00
     15    0.4748615623E+00
     16    0.4671900868E+00
     17    0.1034368992E+01
     18    0.7874128222E+00
     19    0.1029303551E+01
     20    0.5779762864E+00
