      1    0.3827362955E+00
      2    0.2973189354E+00
      3    0.3387706578E+00
      4    0.3409866095E+00
      5    0.3551461697E+00
      6    0.3932477832E+00
      7    0.3640263379E+00
      8    0.3328595757E+00
      9    0.3260456920E+00
     10    0.3307026029E+00
     11    0.3563882709E+00
     12    0.3807225227E+00
     13    0.3427204490E+00
     14    0.3851819336E+00
     15    0.3166293502E+00
     16    0.3192006648E+00
     17    0.3378297091E+00
     18    0.3663669527E+00
     19    0.3462651074E+00
     20    0.3571644127E+00
