      1    0.5981304049E+00
      2    0.8994865417E+00
      3    0.8882878423E+00
      4    0.3974726498E+00
      5    0.1047770619E+01
      6    0.1170908570E+01
      7    0.8536876440E+00
      8    0.6947448850E+00
      9    0.9113197923E+00
     10    0.1082428813E+01
     11    0.7458280325E+00
     12    0.6628574729E+00
     13    0.8364724517E+00
     14    0.4495307207E+00
     15    0.5999099612E+00
     16    0.6032403708E+00
     17    0.1056850910E+01
     18    0.7930363417E+00
     19    0.1029303551E+01
     20    0.5779762864E+00
