      1    0.2688767612E+00
      2    0.5398899317E+00
      3    0.8190489411E+00
      4    0.1000000000E+01
      5    0.1000000000E+01
      6    0.5303054452E+00
      7    0.9099098444E+00
      8    0.1000000000E+01
      9    0.1000000000E+01
     10    0.1000000000E+01
     11    0.6577661633E+00
     12    0.1000000000E+01
     13    0.1000000000E+01
     14    0.1000000000E+01
     15    0.6229734421E+00
     16    0.1000000000E+01
     17    0.4396543205E+00
     18    0.8224097490E+00
     19    0.1000000000E+01
     20    0.1000000000E+01
