      1    0.3875165284E+00
      2    0.3010938764E+00
      3    0.4048190117E+00
      4    0.3600513637E+00
      5    0.3569634259E+00
      6    0.3932477832E+00
      7    0.3678306341E+00
      8    0.5056124330E+00
      9    0.3523343801E+00
     10    0.3307026029E+00
     11    0.3860729039E+00
     12    0.4735575318E+00
     13    0.4094921052E+00
     14    0.3851819336E+00
     15    0.3319622874E+00
     16    0.3192006648E+00
     17    0.3378297091E+00
     18    0.3762060106E+00
     19    0.3720155954E+00
     20    0.4931589961E+00
