#C Summaryfile by DIFFEV, Parameter no. 0002
#S 1
#L GEN  positAVE          positMIN          positMAX          positSIG 
   0  0.4033361816E+02 -0.4994288254E+02  0.1450135651E+03  0.5124314880E+02
   1  0.3301293564E+02 -0.4994288254E+02  0.1477305145E+03  0.4958910370E+02
   2  0.3867549133E+02 -0.4799929047E+02  0.1477305145E+03  0.5378198242E+02
   3  0.5584672165E+02 -0.4473099899E+02  0.1460187531E+03  0.5659570312E+02
   4  0.6631739044E+02 -0.4473099899E+02  0.1460187531E+03  0.5385374069E+02
   5  0.7698237610E+02 -0.4473099899E+02  0.1447074127E+03  0.5734041977E+02
   6  0.6745413208E+02 -0.4763018799E+02  0.1482451630E+03  0.6018195343E+02
   7  0.8154589081E+02 -0.4763018799E+02  0.1488636017E+03  0.5450660324E+02
   8  0.7283589172E+02 -0.4763018799E+02  0.1482451630E+03  0.5550115204E+02
   9  0.7881775665E+02 -0.4763018799E+02  0.1482451630E+03  0.5398905945E+02
  10  0.7424916840E+02 -0.4892614746E+02  0.1482451630E+03  0.5650500488E+02
  11  0.7907878113E+02 -0.4892614746E+02  0.1490519867E+03  0.5846180344E+02
  12  0.7431832886E+02 -0.4892614746E+02  0.1490519867E+03  0.5698284912E+02
  13  0.6466735077E+02 -0.4892614746E+02  0.1490519867E+03  0.6118358994E+02
  14  0.6626655579E+02 -0.4643346024E+02  0.1469136963E+03  0.5950503922E+02
  15  0.4658926392E+02 -0.4643346024E+02  0.1469136963E+03  0.5959449387E+02
  16  0.5625978851E+02 -0.4676776505E+02  0.1469136963E+03  0.6274844360E+02
  17  0.7079573822E+02 -0.4676776505E+02  0.1439091034E+03  0.5655929184E+02
  18  0.6199412918E+02 -0.4643346024E+02  0.1450370941E+03  0.5162077332E+02
  19  0.6573742676E+02 -0.4643346024E+02  0.1450370941E+03  0.5500032806E+02
  20  0.7040522766E+02 -0.4643346024E+02  0.1487447357E+03  0.6219484329E+02
  21  0.6644357300E+02 -0.4643346024E+02  0.1487447357E+03  0.6073720169E+02
  22  0.7415808105E+02 -0.4643346024E+02  0.1487447357E+03  0.5884312057E+02
  23  0.8279090118E+02 -0.4896662521E+02  0.1487447357E+03  0.5837548065E+02
  24  0.8184592438E+02 -0.4896662521E+02  0.1487447357E+03  0.6025019073E+02
  25  0.8615427399E+02 -0.3080993652E+02  0.1487447357E+03  0.5249832535E+02
  26  0.8172499084E+02 -0.3080993652E+02  0.1490531616E+03  0.5038990402E+02
  27  0.7580682373E+02 -0.3080993652E+02  0.1490531616E+03  0.5300085068E+02
  28  0.7907994080E+02 -0.3560770035E+02  0.1490531616E+03  0.5160457230E+02
  29  0.7541789246E+02 -0.3560770035E+02  0.1490531616E+03  0.5491325378E+02
  30  0.7124785614E+02 -0.3560770035E+02  0.1490531616E+03  0.5363682556E+02
  31  0.6883612823E+02 -0.3560770035E+02  0.1490531616E+03  0.5271310425E+02
  32  0.7168940735E+02 -0.3560770035E+02  0.1490531616E+03  0.5354867554E+02
  33  0.7531364441E+02 -0.3560770035E+02  0.1453172150E+03  0.5113117599E+02
  34  0.7557130432E+02 -0.3560770035E+02  0.1453172150E+03  0.5082469940E+02
  35  0.7587055969E+02 -0.3560770035E+02  0.1453172150E+03  0.5044377899E+02
  36  0.8100756073E+02 -0.3560770035E+02  0.1453172150E+03  0.4807025528E+02
  37  0.8327930450E+02 -0.3560770035E+02  0.1355236664E+03  0.4390115356E+02
  38  0.8828993225E+02 -0.3217958832E+02  0.1355236664E+03  0.3686537933E+02
  39  0.8857653046E+02 -0.3217958832E+02  0.1355236664E+03  0.3586558914E+02
  40  0.9697642517E+02 -0.3217958832E+02  0.1195314713E+03  0.2185405922E+02
  41  0.1005633392E+03  0.7266837311E+02  0.1195314713E+03  0.6760345459E+01
  42  0.1012295380E+03  0.9826445007E+02  0.1195314713E+03  0.4236449242E+01
  43  0.1002150269E+03  0.9826445007E+02  0.1009694061E+03  0.5371272564E+00
  44  0.1003294296E+03  0.9996100616E+02  0.1008487778E+03  0.2236079872E+00
  45  0.1002792664E+03  0.9996100616E+02  0.1007527237E+03  0.1631496102E+00
  46  0.1002711563E+03  0.1000422058E+03  0.1006565170E+03  0.1226135418E+00
  47  0.1002580643E+03  0.1000539169E+03  0.1004559402E+03  0.8634776622E-01
  48  0.1002484589E+03  0.1000653915E+03  0.1004378967E+03  0.7031576335E-01
  49  0.1002401886E+03  0.1001333466E+03  0.1003414383E+03  0.5286313221E-01
  50  0.1002470932E+03  0.1001469574E+03  0.1003357773E+03  0.4933601990E-01
  51  0.1002416229E+03  0.1001689682E+03  0.1003553085E+03  0.4526197538E-01
  52  0.1002307968E+03  0.1001507568E+03  0.1003455505E+03  0.4395828396E-01
  53  0.1002219086E+03  0.1001810989E+03  0.1002869873E+03  0.2754326165E-01
  54  0.1002184067E+03  0.1001829605E+03  0.1002633362E+03  0.2321160026E-01
  55  0.1002220688E+03  0.1001829605E+03  0.1002800369E+03  0.2461185493E-01
  56  0.1002215958E+03  0.1001802902E+03  0.1002877884E+03  0.2580156736E-01
  57  0.1002294693E+03  0.1001765137E+03  0.1002890015E+03  0.2991310321E-01
  58  0.1002317657E+03  0.1001845245E+03  0.1002890015E+03  0.2619639970E-01
  59  0.1002315598E+03  0.1001715851E+03  0.1002790604E+03  0.2385737933E-01
  60  0.1002323380E+03  0.1001715851E+03  0.1002927780E+03  0.3012687899E-01
  61  0.1002374878E+03  0.1001769409E+03  0.1002927780E+03  0.2628931217E-01
  62  0.1002364578E+03  0.1001815262E+03  0.1002763290E+03  0.2484877594E-01
  63  0.1002431183E+03  0.1002099762E+03  0.1002763290E+03  0.1760011353E-01
  64  0.1002451782E+03  0.1002058182E+03  0.1002815552E+03  0.1921187527E-01
  65  0.1002482758E+03  0.1002058182E+03  0.1002719574E+03  0.1537915878E-01
  66  0.1002456589E+03  0.1002186203E+03  0.1002693405E+03  0.1286342554E-01
  67  0.1002428436E+03  0.1002203064E+03  0.1002619476E+03  0.1176085789E-01
  68  0.1002418976E+03  0.1002216034E+03  0.1002619476E+03  0.9532535449E-02
  69  0.1002402802E+03  0.1002216034E+03  0.1002626114E+03  0.8062972687E-02
  70  0.1002400818E+03  0.1002276306E+03  0.1002528992E+03  0.6092315074E-02
  71  0.1002404327E+03  0.1002306595E+03  0.1002518692E+03  0.5816537421E-02
  72  0.1002399139E+03  0.1002306595E+03  0.1002506180E+03  0.5361421499E-02
  73  0.1002401505E+03  0.1002305527E+03  0.1002489853E+03  0.4575688392E-02
  74  0.1002400208E+03  0.1002301636E+03  0.1002489853E+03  0.4818907008E-02
  75  0.1002409744E+03  0.1002335281E+03  0.1002474213E+03  0.3694532672E-02
  76  0.1002412567E+03  0.1002335281E+03  0.1002474213E+03  0.3499245970E-02
  77  0.1002403336E+03  0.1002335281E+03  0.1002461090E+03  0.3035769332E-02
  78  0.1002401886E+03  0.1002355957E+03  0.1002450333E+03  0.2398880664E-02
  79  0.1002396011E+03  0.1002357788E+03  0.1002430344E+03  0.2156320726E-02
  80  0.1002401428E+03  0.1002364426E+03  0.1002432556E+03  0.1980812987E-02
  81  0.1002399902E+03  0.1002364426E+03  0.1002432556E+03  0.1899591181E-02
  82  0.1002401276E+03  0.1002372513E+03  0.1002430344E+03  0.1677216496E-02
  83  0.1002401123E+03  0.1002374954E+03  0.1002430038E+03  0.1515448675E-02
  84  0.1002401352E+03  0.1002377243E+03  0.1002425232E+03  0.1221435959E-02
  85  0.1002401352E+03  0.1002384033E+03  0.1002422867E+03  0.1089491416E-02
  86  0.1002402267E+03  0.1002384872E+03  0.1002422180E+03  0.1054403256E-02
  87  0.1002402115E+03  0.1002385559E+03  0.1002418289E+03  0.8588529308E-03
  88  0.1002402191E+03  0.1002389145E+03  0.1002417755E+03  0.7547269342E-03
  89  0.1002402115E+03  0.1002390976E+03  0.1002412567E+03  0.6065974594E-03
  90  0.1002401962E+03  0.1002391357E+03  0.1002412109E+03  0.5248978268E-03
  91  0.1002401886E+03  0.1002393188E+03  0.1002412491E+03  0.4733347159E-03
  92  0.1002401352E+03  0.1002393188E+03  0.1002408981E+03  0.3947920050E-03
  93  0.1002402039E+03  0.1002396088E+03  0.1002409592E+03  0.3959226306E-03
  94  0.1002401810E+03  0.1002395477E+03  0.1002409286E+03  0.3947239311E-03
  95  0.1002401352E+03  0.1002395477E+03  0.1002408142E+03  0.3250268055E-03
  96  0.1002401123E+03  0.1002395477E+03  0.1002408142E+03  0.3237500205E-03
  97  0.1002401352E+03  0.1002396317E+03  0.1002408142E+03  0.3200640786E-03
  98  0.1002401352E+03  0.1002396317E+03  0.1002408142E+03  0.2916313533E-03
  99  0.1002401123E+03  0.1002396317E+03  0.1002406769E+03  0.2561774745E-03
