#C Summaryfile by DIFFEV, Parameter no. 0001
#S 1
#L GEN  heighAVE          heighMIN          heighMAX          heighSIG 
   0  0.9314774323E+02  0.1770584464E+01  0.1976596527E+03  0.6125201416E+02
   1  0.7054292297E+02  0.1770584464E+01  0.1761062317E+03  0.5637629318E+02
   2  0.8719364929E+02  0.4133160400E+02  0.1543138885E+03  0.3860910797E+02
   3  0.9746460724E+02  0.6222951889E+02  0.1393809357E+03  0.2492069435E+02
   4  0.9707847595E+02  0.7724215698E+02  0.1250468292E+03  0.1563137817E+02
   5  0.1004306183E+03  0.8366171265E+02  0.1180792084E+03  0.1098483658E+02
   6  0.1010806961E+03  0.8907177734E+02  0.1114533997E+03  0.7092414856E+01
   7  0.1018935852E+03  0.9145540619E+02  0.1088315811E+03  0.4573868275E+01
   8  0.1018139343E+03  0.9490134430E+02  0.1071899719E+03  0.3744191170E+01
   9  0.1012218475E+03  0.9266780853E+02  0.1064973526E+03  0.3745583773E+01
  10  0.1011645813E+03  0.9490134430E+02  0.1053863602E+03  0.3041240215E+01
  11  0.1008915482E+03  0.9490134430E+02  0.1050061874E+03  0.2886546612E+01
  12  0.1008873672E+03  0.9494845581E+02  0.1050061874E+03  0.2705475330E+01
  13  0.1001659546E+03  0.9566078949E+02  0.1037073669E+03  0.2324661255E+01
  14  0.1000951462E+03  0.9646005249E+02  0.1033596802E+03  0.1825906992E+01
  15  0.1000652237E+03  0.9690554810E+02  0.1033596802E+03  0.1556753516E+01
  16  0.9978665924E+02  0.9705283356E+02  0.1023860321E+03  0.1350466132E+01
  17  0.9990983582E+02  0.9778816986E+02  0.1020601578E+03  0.1080240011E+01
  18  0.9995994568E+02  0.9812496185E+02  0.1012993851E+03  0.7891777754E+00
  19  0.9991482544E+02  0.9847946930E+02  0.1009686050E+03  0.6236063242E+00
  20  0.9984632874E+02  0.9870411682E+02  0.1009154587E+03  0.5687701106E+00
  21  0.9985649872E+02  0.9870411682E+02  0.1006916962E+03  0.4603247046E+00
  22  0.9974027252E+02  0.9870411682E+02  0.1004429245E+03  0.4539583027E+00
  23  0.9968267822E+02  0.9897715759E+02  0.1002753525E+03  0.3154218793E+00
  24  0.9969551849E+02  0.9925047302E+02  0.1000142059E+03  0.2092337012E+00
  25  0.9971606445E+02  0.9926347351E+02  0.9998613739E+02  0.1801944971E+00
  26  0.9971334076E+02  0.9938043213E+02  0.9997636414E+02  0.1579011679E+00
  27  0.9970326996E+02  0.9938043213E+02  0.9997636414E+02  0.1489064097E+00
  28  0.9968589783E+02  0.9938257599E+02  0.9997252655E+02  0.1342828721E+00
  29  0.9968762207E+02  0.9938257599E+02  0.9997252655E+02  0.1329897344E+00
  30  0.9968403625E+02  0.9938257599E+02  0.9997252655E+02  0.1430968195E+00
  31  0.9967140198E+02  0.9938257599E+02  0.9997252655E+02  0.1449449509E+00
  32  0.9964466858E+02  0.9938257599E+02  0.9985369873E+02  0.1312388480E+00
  33  0.9963340759E+02  0.9938257599E+02  0.9985369873E+02  0.1287585795E+00
  34  0.9964042664E+02  0.9938257599E+02  0.9985369873E+02  0.1276491582E+00
  35  0.9963614655E+02  0.9934273529E+02  0.9985369873E+02  0.1325109899E+00
  36  0.9963746643E+02  0.9934273529E+02  0.9985369873E+02  0.1284229755E+00
  37  0.9964136505E+02  0.9932024384E+02  0.9985369873E+02  0.1393480450E+00
  38  0.9962083435E+02  0.9919598389E+02  0.9985369873E+02  0.1500105858E+00
  39  0.9962001038E+02  0.9919598389E+02  0.9985369873E+02  0.1498353779E+00
  40  0.9961141205E+02  0.9919598389E+02  0.9985369873E+02  0.1682113111E+00
  41  0.9957839203E+02  0.9911192322E+02  0.9986069489E+02  0.1935997009E+00
  42  0.9954592133E+02  0.9899913025E+02  0.1000649414E+03  0.2544431388E+00
  43  0.9953597260E+02  0.9899913025E+02  0.1000649414E+03  0.2704412341E+00
  44  0.9946334839E+02  0.9892578888E+02  0.1000096893E+03  0.2466550022E+00
  45  0.9953073883E+02  0.9892578888E+02  0.1001137619E+03  0.2811544240E+00
  46  0.9949577332E+02  0.9892189789E+02  0.9999643707E+02  0.2676278651E+00
  47  0.9947878265E+02  0.9892578888E+02  0.1002570953E+03  0.2833433449E+00
  48  0.9937060547E+02  0.9844411469E+02  0.1002570953E+03  0.3448728621E+00
  49  0.9941817474E+02  0.9873120117E+02  0.9997713470E+02  0.3168653846E+00
  50  0.9954136658E+02  0.9893215179E+02  0.1002865677E+03  0.3404815197E+00
  51  0.9956778717E+02  0.9876467133E+02  0.1003444061E+03  0.3791917861E+00
  52  0.9945397186E+02  0.9871000671E+02  0.1004309006E+03  0.4328656495E+00
  53  0.9957627106E+02  0.9873229980E+02  0.1005679626E+03  0.4525672495E+00
  54  0.9960160828E+02  0.9898462677E+02  0.1004370880E+03  0.3698638380E+00
  55  0.9970411682E+02  0.9898462677E+02  0.1004370880E+03  0.3360450566E+00
  56  0.9974353027E+02  0.9899392700E+02  0.1004370880E+03  0.3227019608E+00
  57  0.9972624969E+02  0.9922589111E+02  0.1003522491E+03  0.2503125072E+00
  58  0.9972723389E+02  0.9927797699E+02  0.1004202881E+03  0.2451203912E+00
  59  0.9971958923E+02  0.9922280884E+02  0.1001784592E+03  0.2320765406E+00
  60  0.9975484467E+02  0.9922280884E+02  0.1002449493E+03  0.2368779778E+00
  61  0.9977221680E+02  0.9925664520E+02  0.1002576752E+03  0.2512080669E+00
  62  0.9977098083E+02  0.9925664520E+02  0.1002576752E+03  0.2529880404E+00
  63  0.9979972076E+02  0.9920679474E+02  0.1003172989E+03  0.2692348957E+00
  64  0.9985900879E+02  0.9928400421E+02  0.1003775711E+03  0.2689802349E+00
  65  0.9990982056E+02  0.9935131836E+02  0.1005283585E+03  0.2848658562E+00
  66  0.9989863586E+02  0.9947542572E+02  0.1005283585E+03  0.2542991042E+00
  67  0.9998880768E+02  0.9960374451E+02  0.1005283585E+03  0.2157545686E+00
  68  0.1000164413E+03  0.9964967346E+02  0.1005579681E+03  0.2375416607E+00
  69  0.1000634308E+03  0.9973098755E+02  0.1003878403E+03  0.1771129221E+00
  70  0.1000821381E+03  0.9984790802E+02  0.1003928604E+03  0.1589727700E+00
  71  0.1000841827E+03  0.9985342407E+02  0.1002776642E+03  0.1153460890E+00
  72  0.1001037750E+03  0.9992276001E+02  0.1002776642E+03  0.1057724729E+00
  73  0.1000893478E+03  0.9992761993E+02  0.1002776642E+03  0.9764243662E-01
  74  0.1000954819E+03  0.9995869446E+02  0.1002535858E+03  0.7845365256E-01
  75  0.1001045151E+03  0.9996808624E+02  0.1002535858E+03  0.8063772321E-01
  76  0.1000964813E+03  0.9998417664E+02  0.1002069397E+03  0.7098656893E-01
  77  0.1001147614E+03  0.9999988556E+02  0.1002056122E+03  0.6030920893E-01
  78  0.1001167526E+03  0.9999988556E+02  0.1002031479E+03  0.5483014137E-01
  79  0.1001025085E+03  0.1000332870E+03  0.1001980591E+03  0.3831836209E-01
  80  0.1001022797E+03  0.1000332870E+03  0.1001611710E+03  0.3233477473E-01
  81  0.1001069031E+03  0.1000455780E+03  0.1001683884E+03  0.2855067700E-01
  82  0.1001097794E+03  0.1000599518E+03  0.1001594543E+03  0.2183864266E-01
  83  0.1001081619E+03  0.1000722351E+03  0.1001459351E+03  0.1952970587E-01
  84  0.1001072845E+03  0.1000708771E+03  0.1001459351E+03  0.2019298077E-01
  85  0.1001100311E+03  0.1000710602E+03  0.1001469498E+03  0.2070601098E-01
  86  0.1001080399E+03  0.1000802841E+03  0.1001421967E+03  0.1639668271E-01
  87  0.1001102676E+03  0.1000851135E+03  0.1001421967E+03  0.1479920093E-01
  88  0.1001105499E+03  0.1000851822E+03  0.1001336746E+03  0.1081838179E-01
  89  0.1001095428E+03  0.1000851822E+03  0.1001336746E+03  0.1207473408E-01
  90  0.1001093063E+03  0.1000926285E+03  0.1001269760E+03  0.9080311283E-02
  91  0.1001085129E+03  0.1000926285E+03  0.1001269760E+03  0.8633294143E-02
  92  0.1001078568E+03  0.1000926285E+03  0.1001237793E+03  0.7611452602E-02
  93  0.1001099854E+03  0.1000960464E+03  0.1001237793E+03  0.6748785265E-02
  94  0.1001077576E+03  0.1000960464E+03  0.1001215286E+03  0.5823667161E-02
  95  0.1001071777E+03  0.1000947876E+03  0.1001168137E+03  0.5858137272E-02
  96  0.1001062927E+03  0.1000947876E+03  0.1001162415E+03  0.5561449099E-02
  97  0.1001067734E+03  0.1000960464E+03  0.1001162415E+03  0.5108607933E-02
  98  0.1001072311E+03  0.1001003723E+03  0.1001162415E+03  0.4270406440E-02
  99  0.1001078491E+03  0.1001020355E+03  0.1001166992E+03  0.4140953533E-02
