#C Summaryfile by DIFFEV, Parameter no. 0003
#S 1
#L GEN  widthAVE          widthMIN          widthMAX          widthSIG 
   0 -0.1373748183E+00 -0.9964374900E+00  0.9142940044E+00  0.5966382027E+00
   1  0.3752752244E+00 -0.7970503569E+00  0.9897771478E+00  0.4495188594E+00
   2  0.5120655298E+00  0.8324373513E-02  0.9897771478E+00  0.3069350719E+00
   3  0.5473224521E+00  0.1584529877E-01  0.9719468355E+00  0.2941917479E+00
   4  0.5841275454E+00  0.1321676373E-01  0.9971288443E+00  0.3029212058E+00
   5  0.5925545096E+00  0.2473891340E-01  0.9971288443E+00  0.3018461168E+00
   6  0.5819928646E+00  0.3521609306E-01  0.9905733466E+00  0.2849913239E+00
   7  0.5462147593E+00  0.7789552212E-01  0.9905733466E+00  0.2907049954E+00
   8  0.3881115019E+00  0.2233609557E-02  0.9005983472E+00  0.2294110358E+00
   9  0.3299863935E+00  0.1059233444E-02  0.9639462829E+00  0.2078500539E+00
  10  0.2511023879E+00  0.2233609557E-02  0.6763355732E+00  0.1722798198E+00
  11  0.2009199560E+00  0.2233609557E-02  0.5522818565E+00  0.1488873959E+00
  12  0.1456355006E+00  0.2233609557E-02  0.3728405833E+00  0.1029121801E+00
  13  0.1087496281E+00  0.2233609557E-02  0.3728405833E+00  0.8107014000E-01
  14  0.7933215797E-01  0.2233609557E-02  0.2318362743E+00  0.5655618012E-01
  15  0.5630875379E-01  0.2233609557E-02  0.2019762695E+00  0.4194926098E-01
  16  0.4044664651E-01  0.2334818244E-02  0.1130696088E+00  0.2640631422E-01
  17  0.2743973769E-01  0.4987557884E-02  0.7452780008E-01  0.1648553275E-01
  18  0.2103591524E-01  0.1480901614E-02  0.4295245558E-01  0.1121741720E-01
  19  0.1583385468E-01  0.6283824332E-03  0.4135480523E-01  0.9878752753E-02
  20  0.1228631753E-01  0.6283824332E-03  0.3410556167E-01  0.9087767452E-02
  21  0.9332256392E-02  0.2309209667E-03  0.3079320118E-01  0.7870330475E-02
  22  0.6989588495E-02  0.2309209667E-03  0.2047849447E-01  0.4986354616E-02
  23  0.5923022982E-02  0.2309209667E-03  0.1876058057E-01  0.4694227595E-02
  24  0.4986232612E-02  0.6283824332E-03  0.1291359589E-01  0.3662866773E-02
  25  0.4532050807E-02  0.1909694984E-03  0.1291359589E-01  0.3647161648E-02
  26  0.3721823916E-02  0.1909694984E-03  0.1291359589E-01  0.3255717456E-02
  27  0.3209535731E-02  0.4999968223E-04  0.1291359589E-01  0.3109578975E-02
  28  0.3086030018E-02  0.1572526526E-04  0.1291359589E-01  0.2817047294E-02
  29  0.3341581207E-02  0.1909694984E-03  0.1291359589E-01  0.2815553686E-02
  30  0.3619125579E-02  0.1909694984E-03  0.1291359589E-01  0.2758733463E-02
  31  0.3864866914E-02  0.8975018281E-03  0.1291359589E-01  0.2806776203E-02
  32  0.3861946985E-02  0.8975018281E-03  0.1291359589E-01  0.3106954275E-02
  33  0.4104361869E-02  0.8975018281E-03  0.1291359589E-01  0.3089983715E-02
  34  0.4320000764E-02  0.9566101944E-03  0.1291359589E-01  0.3001404228E-02
  35  0.4431499634E-02  0.9566101944E-03  0.1291359589E-01  0.2849237761E-02
  36  0.4978904501E-02  0.9566101944E-03  0.1291359589E-01  0.2937093610E-02
  37  0.5350533873E-02  0.9566101944E-03  0.1291359589E-01  0.2959622536E-02
  38  0.5760577973E-02  0.1133381389E-02  0.1291359589E-01  0.2805175493E-02
  39  0.5581418984E-02  0.1133381389E-02  0.1291359589E-01  0.2952568233E-02
  40  0.5840451457E-02  0.1133381389E-02  0.1291359589E-01  0.2852214733E-02
  41  0.5986672360E-02  0.1133381389E-02  0.1353373006E-01  0.2993761562E-02
  42  0.6086536683E-02  0.1133381389E-02  0.1585459709E-01  0.3360849805E-02
  43  0.6925492547E-02  0.1554644085E-02  0.1585459709E-01  0.3633749904E-02
  44  0.8404905908E-02  0.1554644085E-02  0.2096037008E-01  0.4205311183E-02
  45  0.1023642160E-01  0.3815040691E-02  0.2096037008E-01  0.4597272724E-02
  46  0.1171027310E-01  0.3815040691E-02  0.2341829427E-01  0.4923538305E-02
  47  0.1254545432E-01  0.2482784912E-02  0.2767713740E-01  0.5543119274E-02
  48  0.1533934288E-01  0.3815040691E-02  0.2767713740E-01  0.6273699459E-02
  49  0.1778659597E-01  0.4211863503E-02  0.3324072435E-01  0.6633667741E-02
  50  0.2161661163E-01  0.8277813904E-02  0.3356033191E-01  0.6389662158E-02
  51  0.2585918829E-01  0.1261513308E-01  0.3581670299E-01  0.6011557300E-02
  52  0.3089798056E-01  0.1939830370E-01  0.4331357405E-01  0.5089896265E-02
  53  0.3189558908E-01  0.2299377881E-01  0.4359342530E-01  0.5295535084E-02
  54  0.3366714716E-01  0.2504428476E-01  0.4391393811E-01  0.4769506399E-02
  55  0.3654947132E-01  0.2898342535E-01  0.5131554976E-01  0.5232650321E-02
  56  0.3993748873E-01  0.3047000244E-01  0.5346885324E-01  0.5441154819E-02
  57  0.4495135695E-01  0.3840789944E-01  0.5476526916E-01  0.4379561637E-02
  58  0.4767244309E-01  0.3929576650E-01  0.5508304387E-01  0.4320630804E-02
  59  0.5061252788E-01  0.4310465232E-01  0.6429070979E-01  0.5209228490E-02
  60  0.5415644497E-01  0.4374396801E-01  0.7029453665E-01  0.6570330821E-02
  61  0.5798307061E-01  0.4751449823E-01  0.8479580283E-01  0.7789929863E-02
  62  0.6345830858E-01  0.5230033398E-01  0.8686588705E-01  0.8851316758E-02
  63  0.6769760698E-01  0.5452575535E-01  0.8714652061E-01  0.9382987395E-02
  64  0.7286262512E-01  0.5911025405E-01  0.8715657890E-01  0.8259959519E-02
  65  0.7887615263E-01  0.6608379632E-01  0.9786966443E-01  0.7619601209E-02
  66  0.8121912926E-01  0.6906206161E-01  0.9880042821E-01  0.7940071635E-02
  67  0.8324630558E-01  0.7141462713E-01  0.9880042821E-01  0.7295219228E-02
  68  0.8787495643E-01  0.7574321330E-01  0.1034895629E+00  0.8201354183E-02
  69  0.9156553447E-01  0.7797610015E-01  0.1063730642E+00  0.8093426004E-02
  70  0.9527186304E-01  0.8312331885E-01  0.1118293628E+00  0.7299466059E-02
  71  0.9684215486E-01  0.8420979977E-01  0.1119429097E+00  0.6967477035E-02
  72  0.9752463549E-01  0.8795134723E-01  0.1096815318E+00  0.6127312779E-02
  73  0.9687269479E-01  0.8795134723E-01  0.1063730642E+00  0.5059956573E-02
  74  0.9755136818E-01  0.9054812789E-01  0.1069319099E+00  0.4611110315E-02
  75  0.9726453573E-01  0.9128884226E-01  0.1052598953E+00  0.3615460126E-02
  76  0.9780849516E-01  0.9191076458E-01  0.1038858816E+00  0.3206940135E-02
  77  0.9775303304E-01  0.9183071554E-01  0.1038858816E+00  0.3190491814E-02
  78  0.9694425762E-01  0.9183071554E-01  0.1023678407E+00  0.2582584275E-02
  79  0.9712672979E-01  0.9341920912E-01  0.1015389562E+00  0.2177332062E-02
  80  0.9700158983E-01  0.9355732799E-01  0.1015389562E+00  0.2092044568E-02
  81  0.9715009481E-01  0.9355732799E-01  0.1010389477E+00  0.1763924956E-02
  82  0.9735588729E-01  0.9456072748E-01  0.9966492653E-01  0.1415846869E-02
  83  0.9724424779E-01  0.9459227324E-01  0.9966492653E-01  0.1334645902E-02
  84  0.9723720700E-01  0.9512913972E-01  0.9966492653E-01  0.1296616974E-02
  85  0.9720472991E-01  0.9552252293E-01  0.9913693368E-01  0.9425469907E-03
  86  0.9722541273E-01  0.9552252293E-01  0.9846640378E-01  0.8457026561E-03
  87  0.9733065963E-01  0.9583491832E-01  0.9846640378E-01  0.7508521667E-03
  88  0.9732811898E-01  0.9595981240E-01  0.9875611216E-01  0.7391676772E-03
  89  0.9722761065E-01  0.9598013014E-01  0.9845428169E-01  0.5901264958E-03
  90  0.9726711363E-01  0.9635989368E-01  0.9845428169E-01  0.5543054431E-03
  91  0.9723766148E-01  0.9635989368E-01  0.9820255637E-01  0.4996549105E-03
  92  0.9724590182E-01  0.9646474570E-01  0.9813609719E-01  0.4550474114E-03
  93  0.9727381170E-01  0.9646474570E-01  0.9797951579E-01  0.4114027834E-03
  94  0.9725302458E-01  0.9675622731E-01  0.9797951579E-01  0.3594074224E-03
  95  0.9723968804E-01  0.9660209715E-01  0.9797951579E-01  0.3814403026E-03
  96  0.9716907144E-01  0.9657579660E-01  0.9797484428E-01  0.3089684469E-03
  97  0.9714259952E-01  0.9670990705E-01  0.9766846895E-01  0.2149430657E-03
  98  0.9716984630E-01  0.9670990705E-01  0.9766846895E-01  0.2128927590E-03
  99  0.9719990194E-01  0.9670990705E-01  0.9766846895E-01  0.1990477467E-03
