#C Summaryfile by DIFFEV, Parameter no. 0000
#S 1
#L GEN  RAVE              RMIN              RMAX              RSIG     
   0  0.1488102198E+01  0.2707593441E+00  0.2925954342E+01  0.8991583586E+00
   1  0.6368319392E+00  0.1503024697E+00  0.1288723469E+01  0.2849624753E+00
   2  0.3880516887E+00  0.1384779662E+00  0.5969238281E+00  0.1348071843E+00
   3  0.2519313097E+00  0.1190727726E+00  0.4003345668E+00  0.8805951476E-01
   4  0.1855920255E+00  0.1008546278E+00  0.2548360825E+00  0.4831586033E-01
   5  0.1501039267E+00  0.9155941755E-01  0.1993736029E+00  0.2817414701E-01
   6  0.1277841330E+00  0.9155941755E-01  0.1507862508E+00  0.1469133329E-01
   7  0.1166740507E+00  0.9155941755E-01  0.1315949410E+00  0.1049701031E-01
   8  0.1085338145E+00  0.9155941755E-01  0.1188251600E+00  0.7574865595E-02
   9  0.1063573137E+00  0.9155941755E-01  0.1133372486E+00  0.5989122670E-02
  10  0.1018973440E+00  0.9125597030E-01  0.1090666875E+00  0.5464687478E-02
  11  0.9946972132E-01  0.9125597030E-01  0.1059989333E+00  0.4670921713E-02
  12  0.9720356762E-01  0.8916910738E-01  0.1027696282E+00  0.3641545074E-02
  13  0.9422376752E-01  0.8746326715E-01  0.9869862348E-01  0.2826237585E-02
  14  0.9185765684E-01  0.8673380315E-01  0.9472476691E-01  0.2369262511E-02
  15  0.9058099985E-01  0.8673380315E-01  0.9305144101E-01  0.1862685196E-02
  16  0.8956272900E-01  0.8673380315E-01  0.9131921828E-01  0.1481396612E-02
  17  0.8853219450E-01  0.8673380315E-01  0.9033148736E-01  0.1104713418E-02
  18  0.8772592247E-01  0.8672147244E-01  0.8859094232E-01  0.5830564769E-03
  19  0.8727836609E-01  0.8650665730E-01  0.8788319677E-01  0.3957751906E-03
  20  0.8709459752E-01  0.8650665730E-01  0.8746842295E-01  0.2877078368E-03
  21  0.8696959168E-01  0.8650665730E-01  0.8730801195E-01  0.2342450316E-03
  22  0.8688063174E-01  0.8650665730E-01  0.8718644083E-01  0.1799533929E-03
  23  0.8674883842E-01  0.8645097166E-01  0.8690942079E-01  0.1084194009E-03
  24  0.8669257164E-01  0.8645097166E-01  0.8678288758E-01  0.7475301391E-04
  25  0.8667089045E-01  0.8645097166E-01  0.8674004674E-01  0.6674461474E-04
  26  0.8665446192E-01  0.8645097166E-01  0.8671423048E-01  0.5789075294E-04
  27  0.8664037287E-01  0.8645097166E-01  0.8668386936E-01  0.5497936581E-04
  28  0.8663386106E-01  0.8645097166E-01  0.8667269349E-01  0.5167103882E-04
  29  0.8663052320E-01  0.8645097166E-01  0.8666551113E-01  0.5007668369E-04
  30  0.8660684526E-01  0.8588045090E-01  0.8666502684E-01  0.1282585145E-03
  31  0.8659480512E-01  0.8588045090E-01  0.8665979654E-01  0.1339081209E-03
  32  0.8655367792E-01  0.8505752683E-01  0.8665724099E-01  0.2767023107E-03
  33  0.8653761446E-01  0.8505752683E-01  0.8665283024E-01  0.2784281387E-03
  34  0.8652745932E-01  0.8505752683E-01  0.8665171266E-01  0.2800034999E-03
  35  0.8651368320E-01  0.8505752683E-01  0.8664578199E-01  0.2809097932E-03
  36  0.8650708199E-01  0.8505752683E-01  0.8664280921E-01  0.2785918186E-03
  37  0.8649075776E-01  0.8505752683E-01  0.8663578331E-01  0.2771229483E-03
  38  0.8644960076E-01  0.8505752683E-01  0.8663062751E-01  0.3321799450E-03
  39  0.8643177152E-01  0.8505752683E-01  0.8662272990E-01  0.3321428958E-03
  40  0.8640339971E-01  0.8505752683E-01  0.8660369366E-01  0.3286263964E-03
  41  0.8637599647E-01  0.8505752683E-01  0.8658842742E-01  0.3194445162E-03
  42  0.8629309386E-01  0.8505752683E-01  0.8653614670E-01  0.3168927797E-03
  43  0.8610168099E-01  0.8484184742E-01  0.8647306263E-01  0.3945453209E-03
  44  0.8583813906E-01  0.8457367122E-01  0.8629810065E-01  0.4890587879E-03
  45  0.8553086221E-01  0.8406863362E-01  0.8608718961E-01  0.5200895830E-03
  46  0.8527971804E-01  0.8406863362E-01  0.8587667346E-01  0.4704763414E-03
  47  0.8494655043E-01  0.8359163254E-01  0.8549070358E-01  0.4689425696E-03
  48  0.8462051302E-01  0.8359163254E-01  0.8522351086E-01  0.4030796408E-03
  49  0.8430720866E-01  0.8336795121E-01  0.8478160948E-01  0.3728549636E-03
  50  0.8404749632E-01  0.8320061117E-01  0.8444721252E-01  0.3148377000E-03
  51  0.8376507461E-01  0.8306490630E-01  0.8418562263E-01  0.2959877020E-03
  52  0.8355112374E-01  0.8299210668E-01  0.8386529237E-01  0.2449550666E-03
  53  0.8337228000E-01  0.8279015869E-01  0.8368229121E-01  0.2233453270E-03
  54  0.8322240412E-01  0.8273723722E-01  0.8351639658E-01  0.1890620915E-03
  55  0.8307838440E-01  0.8273723722E-01  0.8328726143E-01  0.1600767864E-03
  56  0.8294364065E-01  0.8251269907E-01  0.8316270262E-01  0.1624903525E-03
  57  0.8275340497E-01  0.8241444826E-01  0.8291576803E-01  0.1315664558E-03
  58  0.8264406025E-01  0.8227156848E-01  0.8281695843E-01  0.1416292507E-03
  59  0.8253330737E-01  0.8217301220E-01  0.8271540701E-01  0.1392529375E-03
  60  0.8247564733E-01  0.8217301220E-01  0.8262663335E-01  0.1285637845E-03
  61  0.8236753196E-01  0.8199234307E-01  0.8253373951E-01  0.1353496045E-03
  62  0.8226061612E-01  0.8196975291E-01  0.8240809292E-01  0.1169411698E-03
  63  0.8215500414E-01  0.8193501085E-01  0.8229225874E-01  0.1070802973E-03
  64  0.8207851648E-01  0.8188778162E-01  0.8219815791E-01  0.9176037565E-04
  65  0.8199360222E-01  0.8184198290E-01  0.8211623877E-01  0.7418955647E-04
  66  0.8194654435E-01  0.8182486892E-01  0.8203311265E-01  0.5135505126E-04
  67  0.8189745992E-01  0.8179476857E-01  0.8196251839E-01  0.4798287409E-04
  68  0.8186669648E-01  0.8179476857E-01  0.8191741258E-01  0.3534985080E-04
  69  0.8183224499E-01  0.8178800344E-01  0.8188401163E-01  0.2670025060E-04
  70  0.8181534708E-01  0.8178800344E-01  0.8184281737E-01  0.1602522389E-04
  71  0.8180650324E-01  0.8178564906E-01  0.8182541281E-01  0.1100764166E-04
  72  0.8180234581E-01  0.8178564906E-01  0.8181568235E-01  0.8510044609E-05
  73  0.8179734647E-01  0.8178564906E-01  0.8180640638E-01  0.6406237389E-05
  74  0.8179476857E-01  0.8178564906E-01  0.8180397749E-01  0.4900116892E-05
  75  0.8179164678E-01  0.8178353310E-01  0.8179693669E-01  0.3621326186E-05
  76  0.8179016411E-01  0.8178295940E-01  0.8179468662E-01  0.3358203685E-05
  77  0.8178847283E-01  0.8178295940E-01  0.8179265261E-01  0.2939241085E-05
  78  0.8178683370E-01  0.8178295940E-01  0.8179081976E-01  0.2372628160E-05
  79  0.8178536594E-01  0.8178295940E-01  0.8178765327E-01  0.1237630499E-05
  80  0.8178488910E-01  0.8178295940E-01  0.8178638667E-01  0.9964612673E-06
  81  0.8178444207E-01  0.8178286254E-01  0.8178576082E-01  0.8970957310E-06
  82  0.8178386837E-01  0.8178286254E-01  0.8178496361E-01  0.5193184620E-06
  83  0.8178367466E-01  0.8178283274E-01  0.8178433776E-01  0.4126962097E-06
  84  0.8178351074E-01  0.8178278804E-01  0.8178401738E-01  0.3635978203E-06
  85  0.8178332448E-01  0.8178278804E-01  0.8178377897E-01  0.3102933306E-06
  86  0.8178319782E-01  0.8178278804E-01  0.8178354055E-01  0.2634961334E-06
  87  0.8178307116E-01  0.8178274333E-01  0.8178344369E-01  0.2170428814E-06
  88  0.8178298175E-01  0.8178274333E-01  0.8178324997E-01  0.1579876283E-06
  89  0.8178292215E-01  0.8178272098E-01  0.8178315312E-01  0.1139719643E-06
  90  0.8178284019E-01  0.8178269863E-01  0.8178295940E-01  0.7632708332E-07
  91  0.8178279549E-01  0.8178269863E-01  0.8178292215E-01  0.7302972449E-07
  92  0.8178278804E-01  0.8178269863E-01  0.8178289235E-01  0.5719167717E-07
  93  0.8178278059E-01  0.8178269118E-01  0.8178286254E-01  0.4636030582E-07
  94  0.8178277314E-01  0.8178269118E-01  0.8178283274E-01  0.3657815029E-07
  95  0.8178275824E-01  0.8178269118E-01  0.8178278804E-01  0.3027615847E-07
  96  0.8178274333E-01  0.8178269118E-01  0.8178278059E-01  0.2473956506E-07
  97  0.8178274333E-01  0.8178267628E-01  0.8178275079E-01  0.2547652755E-07
  98  0.8178274333E-01  0.8178266138E-01  0.8178274333E-01  0.3308422691E-07
  99  0.8178274333E-01  0.8178266138E-01  0.8178274333E-01  0.3944281346E-07
