       0    -0.13362765
       1    -0.13362765
       2    -0.13362765
       3    -0.13151760
       4     0.09566802
       5     0.09566802
       6     0.09566802
       7     0.09566802
       8     0.09566802
       9     0.77205801
      10     0.77205801
      11     0.77205801
      12     0.77205801
      13     0.77205801
      14     0.77205801
      15     0.77205801
      16     0.77205801
      17     0.77205801
      18     0.77205801
      19     0.77205801
      20     0.77205801
      21     0.77205801
      22     0.77573484
      23     0.77573484
      24     0.77573484
