       0    -0.17978668
       1     0.47894573
       2     0.47894573
       3     0.70676804
       4     0.70676804
       5     0.70676804
       6     0.70676804
       7     0.70676804
       8     0.70676804
       9     0.70676804
      10     0.70676804
      11     0.70676804
      12     0.70676804
      13     0.70676804
      14     0.70676804
      15     0.70676804
      16     0.70676804
      17     0.70676804
      18     0.71179903
      19     0.74057817
      20     0.74057817
      21     0.75000578
      22     0.75000578
      23     0.75000578
      24     0.75000578
