       0     0.47678351
       1     0.47678351
       2     0.47678351
       3     0.47678351
       4     0.47678351
       5     0.47678351
       6     0.16821480
       7     0.31260222
       8     0.31260222
       9     0.76263767
      10     0.76263767
      11     0.76263767
      12     0.76263767
      13     0.76263767
      14     0.76263767
      15     0.53991753
      16     0.53991753
      17     0.53991753
      18     0.53991753
      19     0.53991753
      20     0.53991753
      21     0.53991753
      22     0.53991753
      23     0.53991753
      24     0.53991753
