       0    -0.55770874
       1    -0.55770874
       2     0.13273525
       3     0.13273525
       4     0.13273525
       5     0.21406077
       6     0.21406077
       7     0.21406077
       8     0.77660507
       9     0.77660507
      10     0.73359674
      11     0.73718059
      12     0.73718059
      13     0.73718059
      14     0.73718059
      15     0.73718059
      16     0.73718059
      17     0.73718059
      18     0.73718059
      19     0.73718059
      20     0.73718059
      21     0.73718059
      22     0.73718059
      23     0.73718059
      24     0.73718059
