       0    -0.08959770
       1    -0.08959770
       2    -0.08959770
       3    -0.08959770
       4     0.32517835
       5     0.32517835
       6     0.32517835
       7     0.32517835
       8     0.77831960
       9     0.77831960
      10     0.77831960
      11     0.77831960
      12     0.77831960
      13     0.77831960
      14     0.77831960
      15     0.77831960
      16     0.77831960
      17     0.77831960
      18     0.77831960
      19     0.77831960
      20     0.77831960
      21     0.77831960
      22     0.77831960
      23     0.77831960
      24     0.77831960
