       0    -0.53818941
       1     0.34546947
       2     0.34546947
       3     0.34546947
       4     0.34546947
       5     0.35123152
       6     0.35123152
       7     0.35123152
       8     0.35123152
       9     0.35123152
      10     0.35123152
      11     0.52746570
      12     0.71753514
      13     0.71753514
      14     0.71753514
      15     0.71753514
      16     0.71753514
      17     0.71753514
      18     0.71753514
      19     0.71753514
      20     0.71753514
      21     0.71753514
      22     0.71753514
      23     0.71753514
      24     0.79296780
