       0    -0.66107690
       1    -0.66107690
       2     0.71815413
       3     0.71815413
       4    -0.14050485
       5    -0.14050485
       6    -0.14050485
       7     0.62738496
       8     0.62738496
       9     0.62738496
      10     0.62738496
      11     0.62738496
      12     0.77579379
      13     0.77579379
      14     0.77579379
      15     0.77579379
      16     0.77579379
      17     0.77579379
      18     0.77579379
      19     0.77579379
      20     0.77579379
      21     0.77579379
      22     0.77579379
      23     0.77579379
      24     0.74591434
