       0     0.27655244
       1    -0.05976009
       2    -0.17929459
       3    -0.29307157
       4     0.28846654
       5     0.28846654
       6     0.28846654
       7     0.66761220
       8     0.66761220
       9     0.66761220
      10     0.66761220
      11     0.66761220
      12     0.79908341
      13     0.79908341
      14     0.51017034
      15     0.51017034
      16     0.51017034
      17     0.51017034
      18     0.51017034
      19     0.51017034
      20     0.55437189
      21     0.55437189
      22     0.55437189
      23     0.55437189
      24     0.55437189
