       0     0.37543535
       1     0.37543535
       2     0.37543535
       3     0.37543535
       4     0.37543535
       5     0.53483981
       6     0.53483981
       7     0.53483981
       8     0.61787397
       9     0.72513938
      10     0.41785493
      11     0.41785493
      12     0.75470746
      13     0.75470746
      14     0.75470746
      15     0.71002662
      16     0.73401517
      17     0.73401517
      18     0.73401517
      19     0.73401517
      20     0.73401517
      21     0.73401517
      22     0.73401517
      23     0.73401517
      24     0.73401517
