       0    -0.58230758
       1    -0.58230758
       2    -0.58230758
       3    -0.58230758
       4    -0.58230758
       5    -0.58230758
       6     0.06536634
       7     0.64724344
       8     0.64724344
       9     0.64724344
      10     0.64724344
      11     0.64724344
      12     0.64724344
      13     0.64724344
      14     0.77267540
      15     0.77267540
      16     0.77267540
      17     0.77267540
      18     0.77267540
      19     0.77267540
      20     0.76576203
      21     0.76576203
      22     0.72203231
      23     0.72203231
      24     0.72203231
