       0     0.77795625
       1     0.77795625
       2     0.77795625
       3     0.18837488
       4     0.09088396
       5     0.09088396
       6     0.09088396
       7     0.62427926
       8     0.62427926
       9     0.62427926
      10     0.62427926
      11     0.62427926
      12     0.62427926
      13     0.62427926
      14     0.62427926
      15     0.62427926
      16     0.62427926
      17     0.62427926
      18     0.62427926
      19     0.62427926
      20     0.62427926
      21     0.75808328
      22     0.74804562
      23     0.74804562
      24     0.74804562
