       0     0.06840110
       1    -0.38410902
       2    -0.58958626
       3    -0.58958626
       4     0.74030393
       5     0.74030393
       6     0.74030393
       7     0.74030393
       8     0.74030393
       9     0.74030393
      10     0.74030393
      11     0.74030393
      12     0.74030393
      13     0.74030393
      14     0.74030393
      15     0.74030393
      16     0.74030393
      17     0.74030393
      18     0.74030393
      19     0.74030393
      20     0.74030393
      21     0.74030393
      22     0.74030393
      23     0.74030393
      24     0.76318979
