       0     0.70533037
       1     0.70533037
       2     0.70533037
       3     0.70533037
       4     0.70533037
       5     0.16438755
       6     0.16438755
       7     0.34824407
       8     0.53952426
       9     0.53952426
      10     0.76492143
      11     0.77448380
      12     0.77448380
      13     0.77448380
      14     0.77448380
      15     0.77448380
      16     0.77448380
      17     0.77448380
      18     0.77448380
      19     0.77448380
      20     0.77448380
      21     0.77448380
      22     0.76005185
      23     0.76005185
      24     0.73428941
