       0     0.51126242
       1    -0.04484415
       2     0.06090774
       3     0.06090774
       4     0.54008865
       5     0.54008865
       6     0.54008865
       7     0.54008865
       8     0.54008865
       9     0.54008865
      10     0.54008865
      11     0.54008865
      12     0.54008865
      13     0.67232329
      14     0.67232329
      15     0.74082696
      16     0.74082696
      17     0.74082696
      18     0.74082696
      19     0.74082696
      20     0.74082696
      21     0.74082696
      22     0.74082696
      23     0.74082696
      24     0.56882399
