       0     0.30105472
       1     0.30105472
       2    -0.12119389
       3     0.78525984
       4     0.78525984
       5     0.78525984
       6     0.78525984
       7     0.78525984
       8     0.78525984
       9     0.78525984
      10     0.78525984
      11     0.55354750
      12     0.76400930
      13     0.76400930
      14     0.76400930
      15     0.76400930
      16     0.76400930
      17     0.76400930
      18     0.76400930
      19     0.76400930
      20     0.76400930
      21     0.76400930
      22     0.72203231
      23     0.72203231
      24     0.77004325
