       0     0.58378458
       1     0.58378458
       2     0.58378458
       3     0.58378458
       4     0.58378458
       5     0.58378458
       6     0.58378458
       7     0.42311552
       8     0.42311552
       9     0.42311552
      10     0.42311552
      11     0.71213377
      12     0.71213377
      13     0.71213377
      14     0.71213377
      15     0.71213377
      16     0.71213377
      17     0.71213377
      18     0.71213377
      19     0.71213377
      20     0.71213377
      21     0.71213377
      22     0.71213377
      23     0.71213377
      24     0.71213377
