       0     0.73381782
       1     0.73381782
       2     0.08058681
       3     0.08058681
       4     0.28846654
       5     0.63719296
       6     0.63719296
       7     0.40149629
       8     0.40149629
       9     0.40149629
      10     0.40149629
      11     0.40149629
      12     0.40149629
      13     0.40149629
      14     0.40149629
      15     0.40149629
      16     0.57328761
      17     0.57328761
      18     0.57328761
      19     0.57328761
      20     0.57328761
      21     0.57328761
      22     0.57328761
      23     0.57328761
      24     0.57328761
