       0    -0.65866768
       1    -0.65866768
       2    -0.65866768
       3    -0.65866768
       4    -0.06524926
       5     0.47912693
       6     0.53903890
       7     0.53903890
       8     0.53903890
       9     0.54614431
      10     0.54614431
      11     0.54614431
      12     0.54614431
      13     0.54614431
      14     0.54614431
      15     0.54614431
      16     0.54614431
      17     0.54614431
      18     0.54614431
      19     0.54614431
      20     0.54614431
      21     0.54614431
      22     0.54614431
      23     0.54614431
      24     0.73170877
