       0    -0.41840553
       1    -0.41840553
       2    -0.41840553
       3    -0.41840553
       4    -0.41840553
       5     0.73642182
       6     0.73642182
       7     0.54207110
       8     0.54207110
       9     0.54207110
      10     0.54207110
      11     0.54207110
      12     0.54207110
      13     0.54207110
      14     0.54207110
      15     0.54207110
      16     0.54207110
      17     0.54207110
      18     0.54207110
      19     0.54207110
      20     0.71058404
      21     0.74755561
      22     0.74755561
      23     0.74755561
      24     0.74755561
