       0    -0.30230582
       1    -0.30230582
       2    -0.30230582
       3    -0.51501608
       4    -0.09498407
       5    -0.09498407
       6    -0.09498407
       7    -0.09498407
       8     0.45742640
       9     0.45742640
      10     0.45742640
      11     0.67635548
      12     0.58512706
      13     0.58512706
      14     0.58512706
      15     0.58512706
      16     0.58512706
      17     0.58512706
      18     0.58512706
      19     0.58512706
      20     0.61199611
      21     0.71539432
      22     0.71539432
      23     0.78084916
      24     0.78084916
