       0    -1.04712963
       1     0.27302769
       2     1.58465743
       3     1.58465743
       4     1.58465743
       5     1.58465743
       6     1.58465743
       7     1.58465743
       8     2.05110598
       9     2.08907557
      10     2.08907557
      11     2.08907557
      12     2.08907557
      13     2.08907557
      14     2.08907557
      15     2.08907557
      16     2.08907557
      17     2.08907557
      18     2.08907557
      19     2.08907557
      20     2.08907557
      21     2.05924344
      22     2.05924344
      23     2.05924344
      24     2.20045757
