       0    -1.46279931
       1    -1.46279931
       2     0.84251451
       3     0.84251451
       4     0.84251451
       5     0.84251451
       6     0.84251451
       7     0.84251451
       8     0.85590696
       9     0.95526165
      10     1.37949073
      11     1.37949073
      12     1.37949073
      13     1.37949073
      14     1.49739659
      15     1.61185646
      16     1.98380685
      17     1.98380685
      18     1.98380685
      19     1.98380685
      20     1.98380685
      21     1.98380685
      22     1.98380685
      23     1.98380685
      24     1.98380685
