       0    -0.84894061
       1    -0.69509053
       2    -0.69509053
       3    -0.69509053
       4     2.28110051
       5     2.28110051
       6     2.28110051
       7     2.16132092
       8     2.16132092
       9     2.16132092
      10     2.16132092
      11     2.16132092
      12     2.16132092
      13     2.16132092
      14     2.16132092
      15     2.16132092
      16     2.16132092
      17     2.16132092
      18     2.16132092
      19     2.16132092
      20     2.16132092
      21     2.16132092
      22     2.16132092
      23     2.16132092
      24     2.28005886
