       0    -0.15895844
       1    -0.05604002
       2    -0.05604002
       3    -0.05604002
       4    -0.05604002
       5     2.25551319
       6     2.25551319
       7     2.25551319
       8     1.94571960
       9     1.94571960
      10     1.94571960
      11     1.94571960
      12     1.94571960
      13     1.94571960
      14     1.94571960
      15     1.94571960
      16     1.94571960
      17     1.94571960
      18     1.94571960
      19     1.94571960
      20     1.94571960
      21     1.94571960
      22     1.94571960
      23     1.94571960
      24     1.94571960
