       0     1.81186318
       1     1.81186318
       2     1.81186318
       3     1.81186318
       4     1.81186318
       5     1.81186318
       6     1.81186318
       7     1.81186318
       8     1.81186318
       9     1.81186318
      10     1.81186318
      11     1.81186318
      12     1.81186318
      13     1.81186318
      14     1.81186318
      15     1.81186318
      16     1.81186318
      17     1.81186318
      18     1.81186318
      19     1.81186318
      20     1.81186318
      21     1.81186318
      22     2.16258788
      23     2.16258788
      24     2.16258788
