       0    -0.94960570
       1    -0.94960570
       2     0.84139049
       3     1.34453642
       4     1.34453642
       5     1.34453642
       6     1.34453642
       7     1.34453642
       8     1.34453642
       9     1.34453642
      10     1.34605062
      11     1.34605062
      12     1.89497435
      13     1.89497435
      14     1.89497435
      15     1.89497435
      16     1.89497435
      17     1.89497435
      18     1.89497435
      19     1.89497435
      20     1.89497435
      21     1.88385534
      22     2.16337943
      23     2.18630648
      24     2.18630648
