       0     1.89191341
       1     1.89191341
       2     1.89191341
       3     1.89191341
       4     1.89191341
       5     1.89191341
       6     1.89191341
       7     1.89191341
       8     1.89191341
       9     1.89191341
      10     1.90061784
      11     1.90061784
      12     1.90061784
      13     1.90061784
      14     1.90061784
      15     1.90061784
      16     1.90061784
      17     1.90061784
      18     1.90061784
      19     1.90061784
      20     1.90061784
      21     2.02298331
      22     2.02298331
      23     2.02298331
      24     2.02298331
