       0    -0.49455822
       1    -0.49455822
       2    -0.49455822
       3     0.45527253
       4     0.45527253
       5     0.59285420
       6     0.59285420
       7     0.59285420
       8     1.49380839
       9     1.49380839
      10     1.47809112
      11     1.89169478
      12     1.89169478
      13     1.89169478
      14     1.89169478
      15     1.89169478
      16     1.89169478
      17     1.89169478
      18     1.89169478
      19     1.89169478
      20     1.89169478
      21     1.89169478
      22     2.17530870
      23     2.17530870
      24     2.36626863
