       0    -2.00018764
       1    -1.11913466
       2    -0.02416697
       3     1.14678681
       4     1.14678681
       5     1.14678681
       6     1.14678681
       7     1.14678681
       8     1.14678681
       9     1.14678681
      10     1.42639291
      11     1.42639291
      12     1.42639291
      13     1.42639291
      14     1.42639291
      15     1.42639291
      16     1.42639291
      17     1.42639291
      18     1.51060784
      19     1.85185885
      20     1.85185885
      21     2.07462287
      22     2.07462287
      23     2.29903364
      24     2.31592250
