       0    -1.48782670
       1    -1.48782670
       2    -0.34464008
       3     0.48175544
       4     1.84118044
       5     1.84118044
       6     1.84118044
       7     1.84118044
       8     1.74288809
       9     1.74288809
      10     1.74288809
      11     1.74288809
      12     1.74288809
      13     1.74288809
      14     1.74288809
      15     1.74288809
      16     1.74288809
      17     1.74288809
      18     1.74288809
      19     1.94800198
      20     1.94800198
      21     1.94800198
      22     2.00997376
      23     2.00997376
      24     2.00997376
