       0    -0.29143572
       1    -0.29143572
       2    -0.29143572
       3     1.11944747
       4     1.11944747
       5     1.11944747
       6     1.30498648
       7     1.50348163
       8     1.50348163
       9     1.50348163
      10     1.50348163
      11     1.50348163
      12     1.50348163
      13     1.50348163
      14     1.50348163
      15     1.50348163
      16     1.50348163
      17     1.50348163
      18     1.50348163
      19     1.76618123
      20     1.81986237
      21     1.81986237
      22     2.04409432
      23     2.04409432
      24     2.04409432
