       0    -0.91709733
       1     0.20898750
       2     0.20898750
       3     0.20898750
       4     2.12316036
       5     2.12316036
       6     2.12316036
       7     2.12316036
       8     2.12316036
       9     2.12316036
      10     2.12316036
      11     2.12316036
      12     2.12316036
      13     2.12316036
      14     2.12316036
      15     2.12316036
      16     2.12316036
      17     2.12316036
      18     2.12316036
      19     2.12316036
      20     2.12316036
      21     2.12316036
      22     2.12316036
      23     2.12316036
      24     2.31550121
