       0     0.94235778
       1     0.94235778
       2     1.14954770
       3     1.14954770
       4     1.61633873
       5     1.61633873
       6     1.61633873
       7     2.03376794
       8     2.03376794
       9     2.03376794
      10     2.03376794
      11     2.03376794
      12     2.03376794
      13     2.03376794
      14     2.03376794
      15     2.03376794
      16     2.03376794
      17     2.03376794
      18     2.03376794
      19     2.03376794
      20     2.03376794
      21     2.12502575
      22     2.12502575
      23     2.12502575
      24     2.12502575
