       0    -0.29844463
       1    -0.29844463
       2    -0.29844463
       3    -0.29844463
       4    -0.29844463
       5    -0.29844463
       6     0.56940043
       7     1.74288809
       8     1.74288809
       9     1.74288809
      10     1.74288809
      11     1.84185421
      12     1.84185421
      13     1.84185421
      14     1.84185421
      15     2.05022430
      16     2.05022430
      17     2.05022430
      18     2.05022430
      19     2.05022430
      20     2.05022430
      21     2.05022430
      22     2.05022430
      23     2.05022430
      24     2.05022430
