       0    -0.15479386
       1    -0.63879323
       2    -0.58700353
       3    -0.43011269
       4    -0.43011269
       5    -0.43011269
       6    -0.43011269
       7    -0.43011269
       8     1.74050117
       9     1.74050117
      10     1.74050117
      11     1.74050117
      12     1.74050117
      13     2.10702705
      14     2.10702705
      15     2.10702705
      16     2.10702705
      17     2.10702705
      18     2.10702705
      19     2.10702705
      20     2.10702705
      21     2.10702705
      22     2.10702705
      23     2.10702705
      24     2.39382839
