       0     1.33292675
       1     1.33292675
       2     1.33292675
       3     1.33292675
       4     1.74050117
       5     1.74050117
       6     2.27718568
       7     2.27718568
       8     2.27718568
       9     2.27718568
      10     2.27718568
      11     2.27718568
      12     2.27718568
      13     2.27718568
      14     2.27718568
      15     2.27718568
      16     2.27718568
      17     2.27718568
      18     2.27718568
      19     2.27718568
      20     2.27718568
      21     2.27718568
      22     2.27718568
      23     2.27718568
      24     2.27718568
