       0    -1.91277683
       1    -1.15972209
       2    -1.15972209
       3     0.22235879
       4     0.22235879
       5     0.22235879
       6     0.22235879
       7     0.22235879
       8     0.22235879
       9     1.28873944
      10     1.28873944
      11     1.44804108
      12     1.84185421
      13     1.84185421
      14     1.84185421
      15     1.84185421
      16     1.84185421
      17     1.84185421
      18     1.84185421
      19     1.84185421
      20     1.88286591
      21     1.88286591
      22     1.88286591
      23     1.88286591
      24     1.88286591
