       0    -0.37795246
       1    -0.37795246
       2    -0.37795246
       3    -0.37795246
       4     0.18231662
       5     0.18231662
       6     0.18231662
       7     1.45813644
       8     1.62857926
       9     1.62857926
      10     1.89610827
      11     1.89610827
      12     1.89610827
      13     1.89610827
      14     1.89610827
      15     1.89610827
      16     1.89610827
      17     1.89610827
      18     1.89610827
      19     1.89610827
      20     1.89610827
      21     1.89610827
      22     1.89610827
      23     1.89610827
      24     2.23179865
