       0     0.34817100
       1     0.34817100
       2     0.34817100
       3     0.34817100
       4     0.34817100
       5     0.34817100
       6     0.34817100
       7     1.92767799
       8     1.92767799
       9     1.92767799
      10     1.92767799
      11     1.92767799
      12     2.04535627
      13     2.04535627
      14     2.04535627
      15     2.04535627
      16     2.04535627
      17     2.04535627
      18     2.04535627
      19     2.04535627
      20     1.99381149
      21     1.99381149
      22     1.99381149
      23     1.99381149
      24     1.99381149
