       0    -1.15036130
       1    -0.94393945
       2    -0.94393945
       3     0.56954736
       4     0.56954736
       5     1.44604492
       6     1.44604492
       7     1.67494512
       8     1.67494512
       9     1.67494512
      10     1.67494512
      11     1.67494512
      12     1.69709098
      13     1.69709098
      14     1.85062194
      15     1.85062194
      16     1.85062194
      17     1.85062194
      18     1.85062194
      19     1.85062194
      20     2.07909322
      21     2.07909322
      22     2.07909322
      23     2.20689082
      24     2.20689082
