       0    -0.65344155
       1    -0.65344155
       2     0.33075431
       3     0.33075431
       4     0.33075431
       5     1.92970693
       6     1.92970693
       7     0.45430303
       8     0.45430303
       9     0.45430303
      10     0.45430303
      11     0.45430303
      12     0.79406625
      13     0.79406625
      14     0.79406625
      15     0.79406625
      16     0.79406625
      17     0.79406625
      18     0.79406625
      19     0.79406625
      20     1.42482173
      21     1.48269343
      22     1.48269343
      23     1.48269343
      24     1.48269343
