       0     2.42792249
       1     2.42792249
       2     2.42792249
       3     2.42792249
       4     2.43095946
       5     2.43095946
       6     2.43095946
       7     0.91011536
       8     1.48557413
       9     1.48557413
      10     1.48557413
      11     1.48557413
      12     1.48557413
      13     1.48557413
      14     1.48557413
      15     1.56622815
      16     1.56622815
      17     1.56622815
      18     1.56622815
      19     1.56622815
      20     1.56622815
      21     1.56622815
      22     1.56622815
      23     1.56622815
      24     0.59877175
