       0    -0.94932854
       1    -1.36278868
       2     0.33075431
       3     1.76098037
       4     1.76098037
       5     1.76098037
       6     1.76098037
       7     1.76098037
       8     1.76098037
       9     1.76098037
      10     1.76098037
      11     1.76098037
      12     1.59612572
      13     1.59612572
      14     1.59612572
      15     1.59612572
      16     1.59612572
      17     1.59612572
      18     1.59612572
      19     1.59612572
      20     1.27646124
      21     1.27646124
      22     1.61299276
      23     1.61299276
      24     1.61299276
