       0     1.94774628
       1     1.94774628
       2     1.94774628
       3     1.94774628
       4     0.88503134
       5     0.42970845
       6     0.42970845
       7     0.42970845
       8     0.42970845
       9     0.42970845
      10     0.42970845
      11     0.42970845
      12     0.42970845
      13     0.42970845
      14     0.42970845
      15     0.42970845
      16     0.42970845
      17     0.42970845
      18     0.42970845
      19     0.42970845
      20     0.42970845
      21     0.42970845
      22     0.42970845
      23     0.42970845
      24     0.71031797
