       0    -1.88535511
       1     1.07322121
       2     1.07322121
       3     1.07322121
       4     1.07322121
       5     2.37522292
       6     2.37522292
       7     2.37522292
       8     1.62129033
       9     1.62129033
      10     1.62129033
      11     1.63875878
      12     1.63875878
      13     0.73055243
      14     0.73055243
      15     0.73055243
      16     0.73055243
      17     0.73055243
      18     0.73055243
      19     0.73055243
      20     0.73055243
      21     0.73055243
      22     0.73055243
      23     0.73055243
      24     0.12138528
