       0     1.28477097
       1     1.28477097
       2     1.28477097
       3     1.28477097
       4     1.28477097
       5     1.28477097
       6     1.28477097
       7     1.28477097
       8     1.28477097
       9     1.28477097
      10     1.28477097
      11     1.28477097
      12     1.28477097
      13     1.28477097
      14     1.28477097
      15     1.28477097
      16     1.28477097
      17     1.28477097
      18     1.28477097
      19     1.28477097
      20     1.28477097
      21     0.92172611
      22     0.92172611
      23     0.92172611
      24     0.92172611
