       0     1.65445805
       1     1.65445805
       2     1.65445805
       3     1.65445805
       4     1.65445805
       5     1.65445805
       6     1.65445805
       7     1.65445805
       8     1.65445805
       9     1.41460252
      10     1.41460252
      11     1.41460252
      12     1.41460252
      13     1.41460252
      14     1.41460252
      15     0.88033265
      16     0.88033265
      17     0.88033265
      18     0.88033265
      19     0.88033265
      20     0.88033265
      21     0.88033265
      22     0.88033265
      23     0.88033265
      24     0.88033265
