       0    -1.26128972
       1    -1.26128972
       2    -1.26128972
       3    -1.26128972
       4    -1.26128972
       5    -1.26128972
       6    -1.26128972
       7     0.42702195
       8     0.42702195
       9     0.42702195
      10     0.42702195
      11     0.42702195
      12     0.42702195
      13     0.42702195
      14     0.42702195
      15     0.42702195
      16     0.42702195
      17     0.42702195
      18     0.42702195
      19     0.42702195
      20     0.42702195
      21     0.40294865
      22     0.40294865
      23     0.40294865
      24     0.40294865
