       0    -0.88953614
       1    -0.88953614
       2    -0.88953614
       3    -0.88953614
       4    -0.88953614
       5     0.00500447
       6     0.00500447
       7     0.00500447
       8     1.51167500
       9     1.51167500
      10     1.51167500
      11     1.51167500
      12     1.51167500
      13     1.51167500
      14     1.51167500
      15     1.51167500
      16     1.51167500
      17     1.51167500
      18     1.51167500
      19     1.51167500
      20     1.51167500
      21     1.51167500
      22     1.51167500
      23     1.51167500
      24     1.51167500
