       0     0.03611922
       1     0.03611922
       2     0.03611922
       3    -0.82195836
       4    -0.82195836
       5    -0.82195836
       6    -0.82195836
       7     0.55358052
       8     1.45083523
       9     1.45083523
      10     1.63875878
      11     1.63875878
      12     1.63875878
      13     1.63875878
      14     1.63875878
      15     1.63875878
      16     1.63875878
      17     1.63875878
      18     1.63875878
      19     1.15456557
      20     1.15456557
      21     1.49260783
      22     1.27532136
      23     1.27532136
      24     1.27532136
