       0     1.21357918
       1     0.88853413
       2    -0.25280476
       3    -0.25280476
       4     0.69059968
       5     0.69059968
       6     0.69059968
       7     0.69059968
       8     0.76678514
       9     0.76678514
      10     0.76678514
      11     0.76678514
      12     0.76678514
      13     0.76678514
      14     0.76678514
      15     0.76678514
      16     0.76678514
      17     0.76678514
      18     0.76678514
      19     0.76678514
      20     0.76678514
      21     1.21364212
      22     1.21364212
      23     1.21364212
      24     0.96281946
