       0    -1.39055431
       1    -1.39055431
       2    -1.37897515
       3     1.28269100
       4     1.28269100
       5     1.28269100
       6     1.28269100
       7     1.28269100
       8     1.28269100
       9     1.28269100
      10     1.73629808
      11     1.73629808
      12     0.86676186
      13     0.86676186
      14     0.86676186
      15     0.86676186
      16     0.86676186
      17     0.86676186
      18     0.86676186
      19     0.86676186
      20     0.88435066
      21     0.88435066
      22     0.61081856
      23     0.61081856
      24     0.61081856
