       0     1.58322453
       1     1.58322453
       2     1.58322453
       3     1.85453641
       4     1.85453641
       5     1.85453641
       6     1.85453641
       7     1.85453641
       8     1.85453641
       9     1.85453641
      10     1.85453641
      11     1.85453641
      12     1.85453641
      13     1.85453641
      14     1.85453641
      15     1.85453641
      16     1.85453641
      17     1.85453641
      18     1.85453641
      19     0.47986814
      20     1.33006644
      21     1.33006644
      22     1.33006644
      23     1.33006644
      24     1.33006644
