       0    -1.25172615
       1    -1.25172615
       2     1.66683197
       3     2.13355660
       4     2.13355660
       5     2.11509204
       6     2.11509204
       7     2.11509204
       8     1.93392861
       9     1.93392861
      10     1.93392861
      11     1.93392861
      12     1.93392861
      13     1.93392861
      14     1.93392861
      15     1.93392861
      16     1.93392861
      17     1.93392861
      18     1.93392861
      19     1.64416170
      20     1.64416170
      21     0.44583282
      22     0.44583282
      23     0.44583282
      24     0.44583282
