       0    -2.14644909
       1    -2.14644909
       2     0.54770565
       3     0.41830671
       4     0.41830671
       5     0.56335068
       6     0.56335068
       7     1.21660590
       8     1.21660590
       9     1.21660590
      10     1.21660590
      11     1.21660590
      12     1.58198154
      13     1.58198154
      14     0.79191703
      15     0.79191703
      16     0.79191703
      17     0.79191703
      18     0.79191703
      19     0.79191703
      20     0.79191703
      21     0.79191703
      22     0.79191703
      23     0.79191703
      24     0.79191703
