       0     0.30730844
       1     0.30730844
       2     0.30730844
       3     1.25756288
       4     1.83873177
       5     1.83873177
       6     1.83873177
       7     1.11375856
       8     1.11375856
       9     1.69787335
      10     1.57407200
      11     0.90833253
      12     0.90833253
      13     0.90833253
      14     0.90833253
      15     0.90833253
      16     0.90833253
      17     0.90833253
      18     0.90833253
      19     0.90833253
      20     1.12823117
      21     1.12823117
      22     0.59111965
      23     0.59111965
      24     0.29289389
