       0    -0.90618134
       1    -1.01709557
       2    -0.22144984
       3    -0.22144984
       4    -0.22144984
       5    -0.22144984
       6    -0.22144984
       7    -0.22144984
       8    -0.22144984
       9    -0.22144984
      10    -0.22144984
      11    -0.22144984
      12    -0.22144984
      13    -0.22144984
      14    -0.22144984
      15    -0.22144984
      16    -0.22144984
      17    -0.22144984
      18    -0.22144984
      19    -0.22144984
      20    -0.22144984
      21    -0.22144984
      22    -0.22144984
      23    -0.22144984
      24     0.69678360
