       0     1.21627808
       1     1.21627808
       2     1.30785179
       3     1.30785179
       4     1.30785179
       5     1.30785179
       6     1.30785179
       7     1.30785179
       8     1.30785179
       9     1.30785179
      10     1.14386415
      11     1.14386415
      12     1.74670339
      13     1.74670339
      14     1.74670339
      15     1.74670339
      16     1.37678576
      17     1.37678576
      18     1.37678576
      19     1.37678576
      20     1.37678576
      21     1.37678576
      22     1.37678576
      23     1.37678576
      24     1.37678576
