       0     2.28540897
       1     2.28540897
       2     1.73201275
       3     1.73201275
       4     1.23750007
       5     1.23750007
       6     1.23750007
       7     1.23750007
       8     1.23750007
       9     1.23750007
      10     1.23750007
      11     1.23750007
      12     1.23750007
      13     1.23750007
      14     1.23750007
      15     1.23750007
      16     1.23750007
      17     1.23750007
      18     1.23750007
      19     1.23750007
      20     1.23750007
      21     1.23750007
      22     1.23750007
      23     1.23750007
      24     0.59071159
