       0     0.91416001
       1     0.91416001
       2     0.91416001
       3     0.91416001
       4     1.53958309
       5     1.53958309
       6     1.53958309
       7     1.53958309
       8     1.53958309
       9     1.25154257
      10     1.25154257
      11     1.25154257
      12     1.25154257
      13     1.25154257
      14     1.25154257
      15     1.25154257
      16     1.25154257
      17     1.25154257
      18     1.25154257
      19     1.25154257
      20     1.25154257
      21     1.25154257
      22     0.92450702
      23     0.92450702
      24     0.92450702
