       0     1.21420026
       1     0.90576375
       2     0.89948654
       3     0.89948654
       4     0.30849189
       5     0.30849189
       6     0.30849189
       7     0.30849189
       8     0.30849189
       9     0.30849189
      10     0.30849189
      11     0.30849189
      12     0.30849189
      13     0.30109388
      14     0.30109388
      15     0.29731894
      16     0.29731894
      17     0.29731894
      18     0.29731894
      19     0.29731894
      20     0.29731894
      21     0.29731894
      22     0.29731894
      23     0.29731894
      24     0.29597390
