       0     1.40527916
       1     1.36558688
       2     1.27555358
       3     0.83647245
       4     0.80330372
       5     0.54460156
       6     0.54460156
       7     0.43230617
       8     0.43230617
       9     0.43230617
      10     0.43230617
      11     0.43230617
      12     0.40949211
      13     0.40949211
      14     0.40770280
      15     0.40770280
      16     0.40770280
      17     0.40770280
      18     0.40770280
      19     0.40770280
      20     0.34272045
      21     0.34272045
      22     0.34272045
      23     0.30894452
      24     0.30894452
