       0     0.44965494
       1     0.44965494
       2     0.44965494
       3     0.44953072
       4     0.41710582
       5     0.41710582
       6     0.41710582
       7     0.41710582
       8     0.41710582
       9     0.38518193
      10     0.38518193
      11     0.38518193
      12     0.38518193
      13     0.38518193
      14     0.38518193
      15     0.38518193
      16     0.38518193
      17     0.38518193
      18     0.38518193
      19     0.38518193
      20     0.38518193
      21     0.38518193
      22     0.30084333
      23     0.30084333
      24     0.30084333
