       0     0.94999850
       1     0.94999850
       2     0.91131979
       3     0.91131979
       4     0.91131979
       5     0.81784475
       6     0.81784475
       7     0.40454090
       8     0.40454090
       9     0.40454090
      10     0.40454090
      11     0.40454090
      12     0.35233438
      13     0.35233438
      14     0.35233438
      15     0.35233438
      16     0.35233438
      17     0.35233438
      18     0.35233438
      19     0.35233438
      20     0.32976857
      21     0.32604569
      22     0.32604569
      23     0.32604569
      24     0.32604569
