       0     0.43964848
       1     0.43964848
       2     0.39747265
       3     0.39747265
       4     0.39747265
       5     0.39265597
       6     0.39265597
       7     0.39265597
       8     0.36040226
       9     0.36040226
      10     0.36025125
      11     0.36005136
      12     0.36005136
      13     0.36005136
      14     0.36005136
      15     0.36005136
      16     0.36005136
      17     0.36005136
      18     0.36005136
      19     0.36005136
      20     0.36005136
      21     0.34098661
      22     0.34098661
      23     0.34098661
      24     0.34098661
