       0     1.39493322
       1     1.39493322
       2     1.05655658
       3     0.88828784
       4     0.54605830
       5     0.54605830
       6     0.54605830
       7     0.41719505
       8     0.40837914
       9     0.40837914
      10     0.40481901
      11     0.40481901
      12     0.40481901
      13     0.40481901
      14     0.40481901
      15     0.40481901
      16     0.40481901
      17     0.40481901
      18     0.40481901
      19     0.35739732
      20     0.35739732
      21     0.33877066
      22     0.32794845
      23     0.32794845
      24     0.32794845
