       0     1.63666761
       1     1.34488845
       2     0.94617105
       3     0.57797629
       4     0.57797629
       5     0.57790893
       6     0.57790893
       7     0.57790893
       8     0.57777905
       9     0.57777905
      10     0.49315900
      11     0.49315900
      12     0.49315900
      13     0.49315900
      14     0.49315900
      15     0.49315900
      16     0.49315900
      17     0.49315900
      18     0.46738636
      19     0.36532474
      20     0.36532474
      21     0.35716441
      22     0.35716441
      23     0.30365422
      24     0.29986387
