       0     1.09702539
       1     1.09702539
       2     1.09702539
       3     0.79303634
       4     0.78741282
       5     0.77697563
       6     0.77697563
       7     0.77461362
       8     0.49593547
       9     0.48394802
      10     0.47733453
      11     0.37620601
      12     0.37620601
      13     0.37620601
      14     0.37620601
      15     0.37620601
      16     0.37620601
      17     0.37620601
      18     0.37620601
      19     0.37620601
      20     0.36636695
      21     0.36636695
      22     0.32088354
      23     0.32088354
      24     0.30369797
