       0     0.60324037
       1     0.60324037
       2     0.60324037
       3     0.60324037
       4     0.46719009
       5     0.45923561
       6     0.31953007
       7     0.31953007
       8     0.31953007
       9     0.31920066
      10     0.31920066
      11     0.31920066
      12     0.31920066
      13     0.31920066
      14     0.31920066
      15     0.31920066
      16     0.31920066
      17     0.31920066
      18     0.31920066
      19     0.31920066
      20     0.31920066
      21     0.31920066
      22     0.31920066
      23     0.31920066
      24     0.28812417
