       0     1.57447970
       1     1.37074542
       2     1.34108150
       3     0.85368764
       4     0.85368764
       5     0.85368764
       6     0.85368764
       7     0.85368764
       8     0.85368764
       9     0.53117949
      10     0.53117949
      11     0.49635196
      12     0.36783063
      13     0.36783063
      14     0.36783063
      15     0.36783063
      16     0.36783063
      17     0.36783063
      18     0.36783063
      19     0.36783063
      20     0.36402634
      21     0.36402634
      22     0.35762990
      23     0.35762990
      24     0.35488984
