       0     1.08928549
       1     1.08928549
       2     1.08928549
       3     0.66285747
       4     0.66285747
       5     0.66285747
       6     0.56771529
       7     0.47355753
       8     0.47355753
       9     0.47355753
      10     0.47355753
      11     0.47355753
      12     0.47355753
      13     0.47355753
      14     0.46636346
      15     0.46636346
      16     0.46636346
      17     0.46636346
      18     0.46636346
      19     0.43411785
      20     0.38072252
      21     0.38072252
      22     0.31748840
      23     0.31748840
      24     0.31748840
