       0     1.08598959
       1     1.05685091
       2     1.05685091
       3     1.05685091
       4     1.03436899
       5     0.37112087
       6     0.37112087
       7     0.37112087
       8     0.33782971
       9     0.33782971
      10     0.33782971
      11     0.33782971
      12     0.33782971
      13     0.33782971
      14     0.33782971
      15     0.33782971
      16     0.33782971
      17     0.33782971
      18     0.33782971
      19     0.33782971
      20     0.33782971
      21     0.33782971
      22     0.33782971
      23     0.33782971
      24     0.33782971
