       0     0.76622450
       1     0.76622450
       2     0.74582803
       3     0.74582803
       4     0.62584519
       5     0.61093795
       6     0.61093795
       7     0.38607290
       8     0.38607290
       9     0.38607290
      10     0.38607290
      11     0.38607290
      12     0.38607290
      13     0.38607290
      14     0.38607290
      15     0.38607290
      16     0.37741795
      17     0.37741795
      18     0.37741795
      19     0.37741795
      20     0.37741795
      21     0.35638827
      22     0.35638827
      23     0.35638827
      24     0.35638827
