       0     1.28244483
       1     0.91717798
       2     0.59990996
       3     0.59990996
       4     0.47486156
       5     0.47486156
       6     0.47486156
       7     0.47486156
       8     0.34206295
       9     0.33196229
      10     0.33196229
      11     0.33196229
      12     0.33196229
      13     0.33196229
      14     0.33196229
      15     0.33196229
      16     0.33196229
      17     0.33196229
      18     0.33196229
      19     0.33196229
      20     0.33196229
      21     0.31662935
      22     0.31662935
      23     0.31662935
      24     0.28902933
