       0     1.34475505
       1     1.34475505
       2     0.85152555
       3     0.59813040
       4     0.57276797
       5     0.57276797
       6     0.57276797
       7     0.57276797
       8     0.54039526
       9     0.54039526
      10     0.53292543
      11     0.52027714
      12     0.38751653
      13     0.38751653
      14     0.38751653
      15     0.38751653
      16     0.38751653
      17     0.38751653
      18     0.38751653
      19     0.38751653
      20     0.38519287
      21     0.38273630
      22     0.32456672
      23     0.31569889
      24     0.31569889
