       0     1.39030707
       1     1.39030707
       2     0.69474488
       3     0.69474488
       4     0.69474488
       5     0.68560517
       6     0.68560517
       7     0.68560517
       8     0.67686081
       9     0.64099890
      10     0.53572690
      11     0.53572690
      12     0.50561243
      13     0.50561243
      14     0.47000429
      15     0.43800858
      16     0.33285958
      17     0.33285958
      18     0.33285958
      19     0.33285958
      20     0.33285958
      21     0.33285958
      22     0.33285958
      23     0.33285958
      24     0.33285958
