       0     1.04777062
       1     1.04777062
       2     1.04777062
       3     1.04777062
       4     0.87847543
       5     0.87847543
       6     0.87847543
       7     0.51965392
       8     0.45339179
       9     0.45339179
      10     0.37366542
      11     0.35696343
      12     0.35696343
      13     0.35696343
      14     0.35696343
      15     0.35514617
      16     0.35514617
      17     0.35514617
      18     0.35514617
      19     0.35514617
      20     0.35514617
      21     0.35514617
      22     0.35514617
      23     0.35514617
      24     0.30867732
