       0     1.15995693
       1     1.14521718
       2     1.12963021
       3     1.08242881
       4     1.08242881
       5     1.07647097
       6     1.07647097
       7     1.07647097
       8     0.42177022
       9     0.42177022
      10     0.42177022
      11     0.41115463
      12     0.40017393
      13     0.33070260
      14     0.33070260
      15     0.33070260
      16     0.33070260
      17     0.33070260
      18     0.33070260
      19     0.33070260
      20     0.33070260
      21     0.33070260
      22     0.33070260
      23     0.33070260
      24     0.31288773
