       0     1.02930355
       1     1.02930355
       2     1.02930355
       3     1.02930355
       4     1.02930355
       5     1.02930355
       6     0.78484815
       7     0.42286429
       8     0.42286429
       9     0.40137976
      10     0.40137976
      11     0.37201560
      12     0.37201560
      13     0.37201560
      14     0.37201560
      15     0.34626511
      16     0.34626511
      17     0.34626511
      18     0.34626511
      19     0.34626511
      20     0.34626511
      21     0.34626511
      22     0.34626511
      23     0.34626511
      24     0.34626511
