       0     1.31645501
       1     1.27636576
       2     1.17090857
       3     1.17090857
       4     0.40737468
       5     0.40737468
       6     0.40737468
       7     0.39919207
       8     0.39919207
       9     0.39919207
      10     0.39919207
      11     0.39919207
      12     0.39324778
      13     0.39324778
      14     0.39324778
      15     0.39324778
      16     0.39324778
      17     0.39324778
      18     0.39324778
      19     0.39324778
      20     0.39324778
      21     0.39324778
      22     0.39324778
      23     0.39324778
      24     0.28777662
